****************************
0
596.0, 1305.0, 836.0, 1547.0
****************************
0
597.0, 1305.0, 836.0, 1547.0
****************************
0
595.0, 1305.0, 836.0, 1547.0
****************************
0
595.0, 1305.0, 836.0, 1546.0
****************************
0
596.0, 1305.0, 836.0, 1546.0
****************************
0
596.0, 1305.0, 836.0, 1546.0
****************************
0
597.0, 1305.0, 835.0, 1546.0
****************************
0
596.0, 1305.0, 836.0, 1546.0
****************************
0
595.0, 1305.0, 836.0, 1546.0
****************************
0
595.0, 1305.0, 836.0, 1546.0
****************************
0
598.0, 1305.0, 835.0, 1548.0
****************************
0
598.0, 1305.0, 835.0, 1547.0
****************************
0
599.0, 1305.0, 834.0, 1547.0
****************************
0
599.0, 1305.0, 835.0, 1547.0
****************************
0
599.0, 1305.0, 834.0, 1547.0
****************************
0
598.0, 1305.0, 835.0, 1547.0
****************************
0
598.0, 1305.0, 835.0, 1548.0
****************************
0
597.0, 1305.0, 835.0, 1548.0
****************************
0
597.0, 1305.0, 835.0, 1548.0
****************************
0
597.0, 1305.0, 835.0, 1548.0
****************************
0
597.0, 1305.0, 835.0, 1548.0
****************************
0
597.0, 1305.0, 835.0, 1548.0
****************************
0
597.0, 1305.0, 835.0, 1548.0
****************************
0
597.0, 1305.0, 835.0, 1548.0
****************************
0
597.0, 1305.0, 835.0, 1548.0
****************************
0
596.0, 1305.0, 835.0, 1548.0
****************************
0
596.0, 1305.0, 835.0, 1548.0
****************************
0
596.0, 1305.0, 834.0, 1548.0
****************************
0
590.0, 1309.0, 832.0, 1560.0
****************************
****************************
0
632.0, 1288.0, 810.0, 1498.0
****************************
0
628.0, 1271.0, 813.0, 1497.0
****************************
0
624.0, 1292.0, 812.0, 1511.0
****************************
0
622.0, 1299.0, 809.0, 1544.0
****************************
0
621.0, 1302.0, 801.0, 1554.0
****************************
0
620.0, 1313.0, 819.0, 1559.0
****************************
0
615.0, 1278.0, 805.0, 1543.0
****************************
0
599.0, 1263.0, 793.0, 1503.0
****************************
0
587.0, 1259.0, 808.0, 1489.0
****************************
0
588.0, 1274.0, 824.0, 1495.0
****************************
0
607.0, 1305.0, 820.0, 1532.0
****************************
0
603.0, 1320.0, 820.0, 1567.0
****************************
0
588.0, 1299.0, 819.0, 1561.0
****************************
0
606.0, 1283.0, 829.0, 1544.0
****************************
0
620.0, 1276.0, 815.0, 1522.0
****************************
****************************
****************************
****************************
0
611.0, 1301.0, 809.0, 1551.0
****************************
0
604.0, 1272.0, 810.0, 1519.0
****************************
0
605.0, 1250.0, 809.0, 1538.0
****************************
0
602.0, 1271.0, 831.0, 1509.0
****************************
0
583.0, 1292.0, 820.0, 1492.0
****************************
****************************
****************************
****************************
0
597.0, 1279.0, 814.0, 1555.0
****************************
****************************
****************************
0
594.0, 1309.0, 833.0, 1502.0
****************************
****************************
0
594.0, 1285.0, 811.0, 1521.0
****************************
****************************
****************************
****************************
0
607.0, 1299.0, 822.0, 1518.0
****************************
****************************
****************************
****************************
****************************
****************************
****************************
0
584.0, 1315.0, 835.0, 1543.0
****************************
****************************
****************************
0
575.0, 1251.0, 818.0, 1494.0
****************************
0
600.0, 1265.0, 825.0, 1535.0
****************************
****************************
****************************
0
588.0, 1308.0, 837.0, 1560.0
****************************
****************************
****************************
0
581.0, 1270.0, 829.0, 1566.0
****************************
****************************
****************************
****************************
****************************
****************************
****************************
****************************
****************************
0
603.0, 1307.0, 831.0, 1669.0
****************************
0
608.0, 1221.0, 819.0, 1621.0
****************************
0
602.0, 1124.0, 820.0, 1555.0
****************************
0
576.0, 1025.0, 819.0, 1435.0
****************************
0
548.0, 946.0, 827.0, 1324.0
****************************
0
631.0, 852.0, 788.0, 1082.0
****************************
0
630.0, 841.0, 785.0, 1013.0
****************************
0
616.0, 790.0, 846.0, 987.0
****************************
****************************
****************************
****************************
****************************
0
590.0, 500.0, 852.0, 773.0
****************************
****************************
0
607.0, 550.0, 829.0, 822.0
****************************
0
614.0, 578.0, 813.0, 868.0
****************************
0
604.0, 629.0, 826.0, 895.0
****************************
0
599.0, 655.0, 873.0, 920.0
****************************
0
610.0, 712.0, 852.0, 964.0
****************************
0
609.0, 785.0, 803.0, 1025.0
****************************
0
577.0, 838.0, 856.0, 1078.0
****************************
0
592.0, 900.0, 850.0, 1150.0
****************************
0
559.0, 965.0, 877.0, 1259.0
****************************
0
539.0, 1047.0, 873.0, 1274.0
****************************
0
555.0, 1123.0, 845.0, 1510.0
****************************
0
568.0, 1219.0, 834.0, 1618.0
****************************
0
549.0, 1254.0, 847.0, 1614.0
****************************
0
547.0, 1186.0, 843.0, 1537.0
****************************
0
547.0, 1090.0, 837.0, 1462.0
****************************
0
528.0, 987.0, 872.0, 1391.0
****************************
0
528.0, 906.0, 875.0, 1316.0
****************************
0
543.0, 839.0, 868.0, 1166.0
****************************
0
594.0, 798.0, 855.0, 1148.0
****************************
0
598.0, 741.0, 862.0, 1126.0
****************************
0
599.0, 693.0, 826.0, 1087.0
****************************
0
614.0, 663.0, 812.0, 911.0
****************************
0
614.0, 628.0, 813.0, 885.0
****************************
0
610.0, 602.0, 817.0, 844.0
****************************
0
613.0, 589.0, 809.0, 825.0
****************************
0
617.0, 579.0, 808.0, 817.0
****************************
0
614.0, 582.0, 810.0, 822.0
****************************
0
606.0, 588.0, 812.0, 830.0
****************************
0
616.0, 614.0, 815.0, 865.0
****************************
0
608.0, 647.0, 817.0, 917.0
****************************
0
590.0, 686.0, 814.0, 927.0
****************************
0
537.0, 728.0, 844.0, 1038.0
****************************
0
606.0, 773.0, 823.0, 1124.0
****************************
0
593.0, 832.0, 853.0, 1220.0
****************************
0
602.0, 909.0, 862.0, 1277.0
****************************
****************************
****************************
****************************
****************************
****************************
****************************
0
492.0, 1279.0, 672.0, 1539.0
****************************
0
441.0, 1255.0, 624.0, 1505.0
****************************
0
396.0, 1206.0, 593.0, 1462.0
****************************
****************************
0
374.0, 1160.0, 565.0, 1411.0
****************************
0
362.0, 1172.0, 564.0, 1415.0
****************************
0
362.0, 1225.0, 612.0, 1464.0
****************************
0
457.0, 1279.0, 698.0, 1653.0
****************************
****************************
****************************
****************************
0
418.0, 1285.0, 666.0, 1702.0
****************************
0
419.0, 1269.0, 648.0, 1650.0
****************************
0
417.0, 1248.0, 637.0, 1616.0
****************************
0
400.0, 1226.0, 637.0, 1643.0
****************************
0
414.0, 1213.0, 638.0, 1641.0
****************************
0
423.0, 1212.0, 632.0, 1639.0
****************************
0
409.0, 1197.0, 641.0, 1593.0
****************************
0
426.0, 1220.0, 635.0, 1589.0
****************************
0
407.0, 1238.0, 646.0, 1606.0
****************************
0
427.0, 1236.0, 657.0, 1633.0
****************************
0
427.0, 1213.0, 657.0, 1655.0
****************************
0
411.0, 1186.0, 673.0, 1644.0
****************************
0
416.0, 1204.0, 672.0, 1614.0
****************************
0
420.0, 1213.0, 657.0, 1600.0
****************************
0
418.0, 1231.0, 645.0, 1595.0
****************************
0
414.0, 1242.0, 646.0, 1624.0
****************************
0
403.0, 1219.0, 640.0, 1641.0
****************************
0
423.0, 1213.0, 636.0, 1644.0
****************************
0
405.0, 1194.0, 642.0, 1627.0
****************************
****************************
0
416.0, 1228.0, 649.0, 1586.0
****************************
0
414.0, 1173.0, 636.0, 1534.0
****************************
0
432.0, 1054.0, 638.0, 1470.0
****************************
0
399.0, 952.0, 632.0, 1357.0
****************************
****************************
****************************
****************************
****************************
****************************
****************************
****************************
****************************
****************************
****************************
****************************
****************************
****************************
****************************
****************************
****************************
****************************
****************************
****************************
****************************
****************************
****************************
****************************
****************************
****************************
0
428.0, 1337.0, 649.0, 1697.0
****************************
0
419.0, 1249.0, 643.0, 1621.0
****************************
0
412.0, 1123.0, 636.0, 1498.0
****************************
0
389.0, 1013.0, 632.0, 1416.0
****************************
****************************
0
423.0, 865.0, 599.0, 1124.0
****************************
0
418.0, 814.0, 599.0, 1077.0
****************************
****************************
****************************
****************************
****************************
0
415.0, 734.0, 616.0, 1010.0
****************************
****************************
****************************
0
453.0, 1240.0, 668.0, 1516.0
****************************
****************************
****************************
0
493.0, 1338.0, 652.0, 1561.0
****************************
0
465.0, 1349.0, 668.0, 1549.0
****************************
****************************
****************************
0
466.0, 1353.0, 659.0, 1702.0
****************************
0
489.0, 1347.0, 663.0, 1585.0
****************************
0
511.0, 1354.0, 673.0, 1560.0
****************************
0
440.0, 1312.0, 652.0, 1568.0
****************************
0
433.0, 1278.0, 620.0, 1547.0
****************************
0
408.0, 1261.0, 638.0, 1725.0
****************************
0
414.0, 1244.0, 646.0, 1662.0
****************************
0
393.0, 1264.0, 623.0, 1718.0
****************************
0
408.0, 1278.0, 642.0, 1666.0
****************************
0
450.0, 1300.0, 692.0, 1682.0
****************************
****************************
****************************
0
657.0, 1218.0, 854.0, 1472.0
****************************
0
670.0, 1184.0, 854.0, 1429.0
****************************
****************************
****************************
****************************
****************************
****************************
****************************
****************************
****************************
0
576.0, 1166.0, 831.0, 1579.0
****************************
0
585.0, 1063.0, 812.0, 1452.0
****************************
****************************
****************************
0
540.0, 825.0, 871.0, 1234.0
****************************
****************************
0
595.0, 717.0, 841.0, 1114.0
****************************
****************************
0
603.0, 625.0, 832.0, 907.0
****************************
****************************
****************************
0
610.0, 700.0, 825.0, 966.0
****************************
0
604.0, 867.0, 821.0, 1247.0
****************************
0
623.0, 1079.0, 824.0, 1366.0
****************************
****************************
****************************
****************************
****************************
****************************
****************************
****************************
0
642.0, 1368.0, 837.0, 1705.0
****************************
0
638.0, 1310.0, 846.0, 1572.0
****************************
0
648.0, 1323.0, 852.0, 1570.0
****************************
****************************
0
635.0, 1258.0, 817.0, 1545.0
****************************
****************************
0
595.0, 1234.0, 830.0, 1677.0
****************************
0
611.0, 1235.0, 810.0, 1704.0
****************************
0
610.0, 1250.0, 821.0, 1670.0
****************************
0
596.0, 1265.0, 829.0, 1657.0
****************************
0
606.0, 1283.0, 831.0, 1657.0
****************************
0
612.0, 1271.0, 826.0, 1683.0
****************************
0
612.0, 1255.0, 833.0, 1718.0
****************************
0
618.0, 1238.0, 825.0, 1694.0
****************************
0
620.0, 1258.0, 829.0, 1655.0
****************************
0
601.0, 1280.0, 830.0, 1655.0
****************************
0
592.0, 1274.0, 840.0, 1652.0
****************************
0
589.0, 1273.0, 828.0, 1677.0
****************************
0
601.0, 1254.0, 816.0, 1696.0
****************************
0
604.0, 1238.0, 800.0, 1704.0
****************************
0
606.0, 1246.0, 819.0, 1680.0
****************************
0
602.0, 1250.0, 825.0, 1661.0
****************************
0
609.0, 1269.0, 812.0, 1653.0
****************************
0
607.0, 1275.0, 825.0, 1670.0
****************************
0
584.0, 1259.0, 819.0, 1709.0
****************************
0
471.0, 1251.0, 649.0, 1489.0
****************************
0
403.0, 1232.0, 618.0, 1478.0
****************************
****************************
****************************
0
359.0, 1168.0, 559.0, 1422.0
****************************
0
349.0, 1183.0, 566.0, 1421.0
****************************
****************************
****************************
****************************
****************************
****************************
0
420.0, 1275.0, 675.0, 1692.0
****************************
0
417.0, 1253.0, 651.0, 1628.0
****************************
0
415.0, 1247.0, 630.0, 1613.0
****************************
0
418.0, 1292.0, 642.0, 1716.0
****************************
0
422.0, 1264.0, 632.0, 1734.0
****************************
0
404.0, 1275.0, 623.0, 1712.0
****************************
0
411.0, 1290.0, 639.0, 1657.0
****************************
0
414.0, 1305.0, 668.0, 1658.0
****************************
0
430.0, 1319.0, 667.0, 1669.0
****************************
0
439.0, 1308.0, 649.0, 1730.0
****************************
0
442.0, 1294.0, 639.0, 1738.0
****************************
0
426.0, 1266.0, 640.0, 1746.0
****************************
0
416.0, 1292.0, 656.0, 1724.0
****************************
0
408.0, 1295.0, 650.0, 1704.0
****************************
0
430.0, 1309.0, 641.0, 1670.0
****************************
0
420.0, 1302.0, 639.0, 1704.0
****************************
0
413.0, 1271.0, 637.0, 1697.0
****************************
0
405.0, 1264.0, 620.0, 1720.0
****************************
0
409.0, 1274.0, 642.0, 1669.0
****************************
0
416.0, 1295.0, 661.0, 1661.0
****************************
0
408.0, 1312.0, 667.0, 1663.0
****************************
0
426.0, 1306.0, 650.0, 1685.0
****************************
0
431.0, 1300.0, 640.0, 1728.0
****************************
0
433.0, 1267.0, 640.0, 1741.0
****************************
0
417.0, 1285.0, 647.0, 1731.0
****************************
0
412.0, 1302.0, 643.0, 1717.0
****************************
0
420.0, 1308.0, 644.0, 1691.0
****************************
0
419.0, 1312.0, 652.0, 1677.0
